8 5 283 227 
0 0 0
1 283 0
2 566 0
3 849 0
4 1132 0
5 1415 0
6 1698 0
7 1981 0
8 0 227
9 283 227
10 566 227
11 849 227
12 1132 227
13 1415 227
14 1698 227
15 1981 227
16 0 454
17 283 454
18 566 454
19 849 454
20 1132 454
21 1415 454
22 1698 454
23 1981 454
24 0 681
25 283 681
26 566 681
27 849 681
28 1132 681
29 1415 681
30 1698 681
31 1981 681
32 0 909
33 283 909
34 566 909
35 849 909
36 1132 909
37 1415 909
38 1698 909
39 1981 909
32 5 0 1112 283 8
33 5 283 1112 283 8
34 5 566 1112 283 8
35 5 849 1112 283 8
36 5 1132 1112 283 8
37 5 1415 1112 283 8
38 5 1698 1112 283 8
39 5 1981 1112 283 8
8 5 1 288 101 5
8 5 128 233 142 5
8 5 143 353 118 5
8 5 258 272 24 5
1 5 358 223 110 5
2 5 771 217 76 5
3 5 851 216 60 5
3 5 1098 208 32 5
4 5 1135 209 127 5
4 5 1384 207 30 5
5 5 1417 210 139 5
7 5 2082 211 180 5
9 5 286 270 100 5
9 5 440 289 116 5
9 5 314 370 125 5
10 5 594 312 51 5
10 5 704 370 87 5
10 5 771 337 78 5
10 5 615 415 104 5
11 5 854 313 99 5
11 5 852 338 58 5
11 5 928 271 190 5
11 5 943 447 166 5
12 5 1133 322 130 5
12 5 1230 368 185 5
12 5 1303 259 107 5
13 5 1417 369 281 5
14 5 1700 370 29 5
14 5 1792 370 157 5
14 5 1870 242 111 5
15 5 2033 447 229 5
15 5 1983 242 148 5
16 5 3 497 98 5
16 5 127 553 143 5
17 5 542 587 21 5
17 5 427 459 137 5
18 5 569 459 68 5
18 5 568 586 278 5
19 5 852 585 59 5
19 5 872 513 101 5
19 5 945 672 61 5
19 5 1067 483 64 5
20 5 1134 482 97 5
20 5 1391 609 22 5
21 5 1417 609 70 5
21 5 1568 607 62 5
21 5 1616 527 80 5
22 5 1699 528 98 5
22 5 1769 609 180 5
23 5 2087 592 176 5
24 5 2 708 139 5
24 5 129 753 124 5
24 5 240 862 42 5
25 5 285 862 71 5
25 5 336 896 145 5
25 5 426 818 139 5
25 5 449 707 116 5
26 5 568 705 216 5
26 5 762 738 84 5
26 5 567 817 45 5
27 5 866 705 91 5
27 5 851 738 34 5
27 5 1048 768 67 5
27 5 905 833 212 5
27 5 1114 689 18 5
28 5 1138 690 141 5
28 5 1240 750 157 5
28 5 1319 816 94 5
29 5 1421 862 65 5
29 5 1569 718 82 5
29 5 1636 768 58 5
30 5 1697 768 122 5
30 5 1833 849 100 5
31 5 2143 702 120 5
31 5 2176 818 85 5
33 5 450 915 113 5
34 5 568 913 277 5
35 5 851 913 83 5
35 5 1113 913 19 5
36 5 1133 913 96 5
37 5 1417 930 68 5
37 5 1569 977 128 5
38 5 1699 975 121 5
38 5 1786 1025 181 5
-1